0
824
1647
2471
3294
4117
4940
5763
6586
7408
8230
9052
9873
10694
11515
12335
13155
13974
14792
15610
16428
17244
18060
18876
19690
20504
21317
22129
22941
23751
24560
25369
26176
26983
27788
28592
29396
30198
30998
31798
32596
33393
34189
34983
35776
36568
37358
38147
38934
39719
40503
41286
42067
42846
43623
44399
45173
45945
46716
47484
48251
49016
49778
50539
51298
52055
52810
53562
54313
55061
55808
56552
57294
58033
58770
59505
60238
60968
61696
62421
63144
63865
64583
65298
66011
66721
67429
68133
68836
69535
70232
70926
71617
72305
72991
73673
74353
75030
75704
76374
77042
77707
78369
79027
79683
80335
80984
81630
82273
82912
83548
84181
84811
85437
86060
86679
87296
87908
88517
89123
89725
90324
90919
91510
92098
92682
93262
93839
94412
94982
95547
96109
96667
97222
97772
98319
98861
99400
99935
100466
100993
101516
102035
102550
103060
103567
104070
104569
105063
105553
106039
106521
106999
107473
107942
108407
108868
109324
109776
110224
110668
111107
111542
111972
112398
112819
113236
113649
114057
114460
114859
115254
115644
116029
116410
116786
117158
117525
117887
118245
118597
118946
119289
119628
119962
120292
120617
120937
121252
121562
121868
122168
122464
122755
123042
123323
123600
123871
124138
124400
124657
124909
125156
125398
125635
125868
126095
126317
126535
126747
126954
127156
127354
127546
127733
127915
128092
128265
128432
128593
128750
128902
129049
129190
129327
129458
129585
129706
129822
129933
130038
130139
130235
130325
130410
130490
130565
130635
130700
130759
130813
130862
130906
130945
130979
131007
131031
131049
131062
131069
131072
131069
131062
131049
131031
131007
130979
130945
130906
130862
130813
130759
130700
130635
130565
130490
130410
130325
130235
130139
130038
129933
129822
129706
129585
129458
129327
129190
129049
128902
128750
128593
128432
128265
128092
127915
127733
127546
127354
127156
126954
126747
126535
126317
126095
125868
125635
125398
125156
124909
124657
124400
124138
123871
123600
123323
123042
122755
122464
122168
121868
121562
121252
120937
120617
120292
119962
119628
119289
118946
118597
118245
117887
117525
117158
116786
116410
116029
115644
115254
114859
114460
114057
113649
113236
112819
112398
111972
111542
111107
110668
110224
109776
109324
108868
108407
107942
107473
106999
106521
106039
105553
105063
104569
104070
103567
103060
102550
102035
101516
100993
100466
99935
99400
98861
98319
97772
97222
96667
96109
95547
94982
94412
93839
93262
92682
92098
91510
90919
90324
89725
89123
88517
87908
87296
86679
86060
85437
84811
84181
83548
82912
82273
81630
80984
80335
79683
79027
78369
77707
77042
76374
75704
75030
74353
73673
72991
72305
71617
70926
70232
69535
68836
68133
67429
66721
66011
65298
64583
63865
63144
62421
61696
60968
60238
59505
58770
58033
57294
56552
55808
55061
54313
53562
52810
52055
51298
50539
49778
49016
48251
47484
46716
45945
45173
44399
43623
42846
42067
41286
40503
39719
38934
38147
37358
36568
35776
34983
34189
33393
32596
31798
30998
30198
29396
28592
27788
26983
26176
25369
24560
23751
22941
22129
21317
20504
19690
18876
18060
17244
16428
15610
14792
13974
13155
12335
11515
10694
9873
9052
8230
7408
6586
5763
4940
4117
3294
2471
1647
824
0
-824
-1647
-2471
-3294
-4117
-4940
-5763
-6586
-7408
-8230
-9052
-9873
-10694
-11515
-12335
-13155
-13974
-14792
-15610
-16428
-17244
-18060
-18876
-19690
-20504
-21317
-22129
-22941
-23751
-24560
-25369
-26176
-26983
-27788
-28592
-29396
-30198
-30998
-31798
-32596
-33393
-34189
-34983
-35776
-36568
-37358
-38147
-38934
-39719
-40503
-41286
-42067
-42846
-43623
-44399
-45173
-45945
-46716
-47484
-48251
-49016
-49778
-50539
-51298
-52055
-52810
-53562
-54313
-55061
-55808
-56552
-57294
-58033
-58770
-59505
-60238
-60968
-61696
-62421
-63144
-63865
-64583
-65298
-66011
-66721
-67429
-68133
-68836
-69535
-70232
-70926
-71617
-72305
-72991
-73673
-74353
-75030
-75704
-76374
-77042
-77707
-78369
-79027
-79683
-80335
-80984
-81630
-82273
-82912
-83548
-84181
-84811
-85437
-86060
-86679
-87296
-87908
-88517
-89123
-89725
-90324
-90919
-91510
-92098
-92682
-93262
-93839
-94412
-94982
-95547
-96109
-96667
-97222
-97772
-98319
-98861
-99400
-99935
-100466
-100993
-101516
-102035
-102550
-103060
-103567
-104070
-104569
-105063
-105553
-106039
-106521
-106999
-107473
-107942
-108407
-108868
-109324
-109776
-110224
-110668
-111107
-111542
-111972
-112398
-112819
-113236
-113649
-114057
-114460
-114859
-115254
-115644
-116029
-116410
-116786
-117158
-117525
-117887
-118245
-118597
-118946
-119289
-119628
-119962
-120292
-120617
-120937
-121252
-121562
-121868
-122168
-122464
-122755
-123042
-123323
-123600
-123871
-124138
-124400
-124657
-124909
-125156
-125398
-125635
-125868
-126095
-126317
-126535
-126747
-126954
-127156
-127354
-127546
-127733
-127915
-128092
-128265
-128432
-128593
-128750
-128902
-129049
-129190
-129327
-129458
-129585
-129706
-129822
-129933
-130038
-130139
-130235
-130325
-130410
-130490
-130565
-130635
-130700
-130759
-130813
-130862
-130906
-130945
-130979
-131007
-131031
-131049
-131062
-131069
-131072
-131069
-131062
-131049
-131031
-131007
-130979
-130945
-130906
-130862
-130813
-130759
-130700
-130635
-130565
-130490
-130410
-130325
-130235
-130139
-130038
-129933
-129822
-129706
-129585
-129458
-129327
-129190
-129049
-128902
-128750
-128593
-128432
-128265
-128092
-127915
-127733
-127546
-127354
-127156
-126954
-126747
-126535
-126317
-126095
-125868
-125635
-125398
-125156
-124909
-124657
-124400
-124138
-123871
-123600
-123323
-123042
-122755
-122464
-122168
-121868
-121562
-121252
-120937
-120617
-120292
-119962
-119628
-119289
-118946
-118597
-118245
-117887
-117525
-117158
-116786
-116410
-116029
-115644
-115254
-114859
-114460
-114057
-113649
-113236
-112819
-112398
-111972
-111542
-111107
-110668
-110224
-109776
-109324
-108868
-108407
-107942
-107473
-106999
-106521
-106039
-105553
-105063
-104569
-104070
-103567
-103060
-102550
-102035
-101516
-100993
-100466
-99935
-99400
-98861
-98319
-97772
-97222
-96667
-96109
-95547
-94982
-94412
-93839
-93262
-92682
-92098
-91510
-90919
-90324
-89725
-89123
-88517
-87908
-87296
-86679
-86060
-85437
-84811
-84181
-83548
-82912
-82273
-81630
-80984
-80335
-79683
-79027
-78369
-77707
-77042
-76374
-75704
-75030
-74353
-73673
-72991
-72305
-71617
-70926
-70232
-69535
-68836
-68133
-67429
-66721
-66011
-65298
-64583
-63865
-63144
-62421
-61696
-60968
-60238
-59505
-58770
-58033
-57294
-56552
-55808
-55061
-54313
-53562
-52810
-52055
-51298
-50539
-49778
-49016
-48251
-47484
-46716
-45945
-45173
-44399
-43623
-42846
-42067
-41286
-40503
-39719
-38934
-38147
-37358
-36568
-35776
-34983
-34189
-33393
-32596
-31798
-30998
-30198
-29396
-28592
-27788
-26983
-26176
-25369
-24560
-23751
-22941
-22129
-21317
-20504
-19690
-18876
-18060
-17244
-16428
-15610
-14792
-13974
-13155
-12335
-11515
-10694
-9873
-9052
-8230
-7408
-6586
-5763
-4940
-4117
-3294
-2471
-1647
-824
0
