       MER     betaTX    betaRCV     length
 53.131718   0.180000   0.220000       81
 51.769402   0.190000   0.190000       81
 53.689114   0.190000   0.230000       81
 58.528429   0.200000   0.200000       81
 50.871589   0.200000   0.240000       81
 53.837454   0.210000   0.210000       81
 53.131718   0.220000   0.180000       81
 53.689114   0.230000   0.190000       81
 50.871589   0.240000   0.200000       81
 52.401116   0.260000   0.300000       81
 50.102243   0.270000   0.270000       81
 55.901298   0.270000   0.310000       81
 53.645368   0.280000   0.280000       81
 58.801688   0.280000   0.320000       81
 59.893528   0.290000   0.290000       81
 57.265759   0.290000   0.330000       81
 52.401116   0.300000   0.260000       81
 63.596746   0.300000   0.300000       81
 54.540963   0.300000   0.340000       81
 55.901298   0.310000   0.270000       81
 56.860087   0.310000   0.310000       81
 52.789386   0.310000   0.350000       81
 58.801688   0.320000   0.280000       81
 53.267601   0.320000   0.320000       81
 52.009683   0.320000   0.360000       81
 57.265759   0.330000   0.290000       81
 51.511571   0.330000   0.330000       81
 52.063537   0.330000   0.370000       81
 54.540963   0.340000   0.300000       81
 50.901033   0.340000   0.340000       81
 52.908405   0.340000   0.380000       81
 52.789386   0.350000   0.310000       81
 51.205845   0.350000   0.350000       81
 54.604300   0.350000   0.390000       81
 52.009683   0.360000   0.320000       81
 52.415073   0.360000   0.360000       81
 57.296651   0.360000   0.400000       81
 52.063537   0.370000   0.330000       81
 54.728042   0.370000   0.370000       81
 52.908405   0.380000   0.340000       81
 58.769363   0.380000   0.380000       81
 54.604300   0.390000   0.350000       81
 66.233785   0.390000   0.390000       81
 57.296651   0.400000   0.360000       81
 65.381823   0.400000   0.400000       81
 52.027437   0.180000   0.210000       85
 54.289690   0.190000   0.220000       85
 52.295966   0.200000   0.190000       85
 52.708387   0.200000   0.230000       85
 54.325572   0.210000   0.200000       85
 50.579788   0.210000   0.240000       85
 52.302368   0.220000   0.210000       85
 50.848423   0.230000   0.180000       85
 50.099933   0.230000   0.220000       85
 50.805241   0.240000   0.190000       85
 50.807313   0.250000   0.280000       85
 52.963193   0.260000   0.290000       85
 50.106362   0.260000   0.330000       85
 50.550951   0.270000   0.260000       85
 56.012027   0.270000   0.300000       85
 50.624488   0.270000   0.340000       85
 52.839876   0.280000   0.270000       85
 58.932856   0.280000   0.310000       85
 50.872514   0.280000   0.350000       85
 50.200520   0.290000   0.240000       85
 56.111608   0.290000   0.280000       85
 58.548460   0.290000   0.320000       85
 50.950278   0.290000   0.360000       85
 51.680143   0.300000   0.250000       85
 59.171906   0.300000   0.290000       85
 56.218757   0.300000   0.330000       85
 51.017919   0.300000   0.370000       85
 53.499003   0.310000   0.260000       85
 58.337480   0.310000   0.300000       85
 54.486437   0.310000   0.340000       85
 51.202232   0.310000   0.380000       85
 55.050886   0.320000   0.270000       85
 55.755289   0.320000   0.310000       85
 53.671618   0.320000   0.350000       85
 51.563538   0.320000   0.390000       85
 55.444701   0.330000   0.280000       85
 53.986256   0.330000   0.320000       85
 53.693418   0.330000   0.360000       85
 52.096955   0.330000   0.400000       85
 54.756525   0.340000   0.290000       85
 53.193537   0.340000   0.330000       85
 54.513280   0.340000   0.370000       85
 53.893584   0.350000   0.300000       85
 53.260782   0.350000   0.340000       85
 56.175229   0.350000   0.380000       85
 53.399658   0.360000   0.310000       85
 54.149695   0.360000   0.350000       85
 58.764455   0.360000   0.390000       85
 53.434228   0.370000   0.320000       85
 55.923898   0.370000   0.360000       85
 61.939189   0.370000   0.400000       85
 54.023180   0.380000   0.330000       85
 58.718755   0.380000   0.370000       85
 55.142815   0.390000   0.340000       85
 62.220070   0.390000   0.380000       85
 56.674392   0.400000   0.350000       85
 63.174197   0.400000   0.390000       85
 56.273034   0.170000   0.190000       89
 55.583114   0.180000   0.200000       89
 56.273034   0.190000   0.170000       89
 50.777686   0.190000   0.210000       89
 55.583114   0.200000   0.180000       89
 50.777686   0.210000   0.190000       89
 51.862462   0.240000   0.260000       89
 51.203949   0.240000   0.300000       89
 56.483674   0.250000   0.270000       89
 52.070242   0.250000   0.310000       89
 51.862462   0.260000   0.240000       89
 63.241208   0.260000   0.280000       89
 52.231813   0.260000   0.320000       89
 56.483674   0.270000   0.250000       89
 59.208854   0.270000   0.290000       89
 51.938145   0.270000   0.330000       89
 63.241208   0.280000   0.260000       89
 54.702384   0.280000   0.300000       89
 51.653116   0.280000   0.340000       89
 59.208854   0.290000   0.270000       89
 52.523630   0.290000   0.310000       89
 51.664884   0.290000   0.350000       89
 51.203949   0.300000   0.240000       89
 54.702384   0.300000   0.280000       89
 51.764278   0.300000   0.320000       89
 52.075380   0.300000   0.360000       89
 52.070242   0.310000   0.250000       89
 52.523630   0.310000   0.290000       89
 52.103953   0.310000   0.330000       89
 52.870102   0.310000   0.370000       89
 52.231813   0.320000   0.260000       89
 51.764278   0.320000   0.300000       89
 53.529042   0.320000   0.340000       89
 53.919475   0.320000   0.380000       89
 51.938145   0.330000   0.270000       89
 52.103953   0.330000   0.310000       89
 56.322236   0.330000   0.350000       89
 54.929733   0.330000   0.390000       89
 51.653116   0.340000   0.280000       89
 53.529042   0.340000   0.320000       89
 61.362689   0.340000   0.360000       89
 55.503179   0.340000   0.400000       89
 51.664884   0.350000   0.290000       89
 56.322236   0.350000   0.330000       89
 67.755885   0.350000   0.370000       89
 52.075380   0.360000   0.300000       89
 61.362689   0.360000   0.340000       89
 61.877638   0.360000   0.380000       89
 52.870102   0.370000   0.310000       89
 67.755885   0.370000   0.350000       89
 57.624543   0.370000   0.390000       89
 53.919475   0.380000   0.320000       89
 61.877638   0.380000   0.360000       89
 55.579672   0.380000   0.400000       89
 54.929733   0.390000   0.330000       89
 57.624543   0.390000   0.370000       89
 55.503179   0.400000   0.340000       89
 55.579672   0.400000   0.380000       89
 51.315167   0.170000   0.180000       93
 50.251292   0.170000   0.220000       93
 54.545748   0.180000   0.190000       93
 50.925288   0.190000   0.160000       93
 52.972574   0.190000   0.200000       93
 54.117806   0.200000   0.170000       93
 50.517730   0.200000   0.210000       93
 53.256640   0.210000   0.180000       93
 51.013733   0.220000   0.190000       93
 50.470421   0.220000   0.270000       93
 51.977629   0.230000   0.280000       93
 51.533346   0.240000   0.250000       93
 53.571104   0.240000   0.290000       93
 50.109172   0.250000   0.220000       93
 54.420619   0.250000   0.260000       93
 54.516345   0.250000   0.300000       93
 51.725371   0.260000   0.230000       93
 58.169379   0.260000   0.270000       93
 54.401970   0.260000   0.310000       93
 54.355192   0.270000   0.240000       93
 59.343155   0.270000   0.280000       93
 53.789043   0.270000   0.320000       93
 57.693802   0.280000   0.250000       93
 56.753502   0.280000   0.290000       93
 53.353750   0.280000   0.330000       93
 59.098177   0.290000   0.260000       93
 54.584925   0.290000   0.300000       93
 53.390330   0.290000   0.340000       93
 57.113208   0.300000   0.270000       93
 53.574169   0.300000   0.310000       93
 53.968011   0.300000   0.350000       93
 55.102366   0.310000   0.280000       93
 53.594053   0.310000   0.320000       93
 55.044920   0.310000   0.360000       93
 54.092344   0.320000   0.290000       93
 54.589082   0.320000   0.330000       93
 56.424991   0.320000   0.370000       93
 54.057559   0.330000   0.300000       93
 56.639027   0.330000   0.340000       93
 57.615411   0.330000   0.380000       93
 50.198409   0.340000   0.270000       93
 54.950778   0.340000   0.310000       93
 59.872020   0.340000   0.350000       93
 57.987758   0.340000   0.390000       93
 50.445155   0.350000   0.280000       93
 56.814615   0.350000   0.320000       93
 63.224117   0.350000   0.360000       93
 57.557814   0.350000   0.400000       93
 50.803117   0.360000   0.290000       93
 59.675596   0.360000   0.330000       93
 62.284740   0.360000   0.370000       93
 51.280925   0.370000   0.300000       93
 62.576959   0.370000   0.340000       93
 59.416717   0.370000   0.380000       93
 51.829512   0.380000   0.310000       93
 62.224316   0.380000   0.350000       93
 57.584029   0.380000   0.390000       93
 52.360110   0.390000   0.320000       93
 59.841475   0.390000   0.360000       93
 56.888543   0.390000   0.400000       93
 52.784906   0.400000   0.330000       93
 58.124150   0.400000   0.370000       93
 52.232123   0.150000   0.190000       97
 53.158315   0.160000   0.160000       97
 52.077313   0.160000   0.200000       97
 57.984022   0.170000   0.170000       97
 50.017460   0.170000   0.210000       97
 52.002079   0.180000   0.180000       97
 52.232123   0.190000   0.150000       97
 52.077313   0.200000   0.160000       97
 50.017460   0.210000   0.170000       97
 51.262701   0.210000   0.250000       97
 54.054485   0.220000   0.260000       97
 52.476857   0.230000   0.230000       97
 56.738191   0.230000   0.270000       97
 58.246554   0.240000   0.240000       97
 56.504429   0.240000   0.280000       97
 51.262701   0.250000   0.210000       97
 63.958094   0.250000   0.250000       97
 54.551320   0.250000   0.290000       97
 54.054485   0.260000   0.220000       97
 57.083895   0.260000   0.260000       97
 53.208126   0.260000   0.300000       97
 56.738191   0.270000   0.230000       97
 53.421979   0.270000   0.270000       97
 52.861901   0.270000   0.310000       97
 56.504429   0.280000   0.240000       97
 51.939447   0.280000   0.280000       97
 53.492111   0.280000   0.320000       97
 54.551320   0.290000   0.250000       97
 51.880792   0.290000   0.290000       97
 55.100176   0.290000   0.330000       97
 53.208126   0.300000   0.260000       97
 53.095165   0.300000   0.300000       97
 57.632212   0.300000   0.340000       97
 52.861901   0.310000   0.270000       97
 55.841123   0.310000   0.310000       97
 60.165489   0.310000   0.350000       97
 50.018651   0.310000   0.390000       97
 53.492111   0.320000   0.280000       97
 61.169866   0.320000   0.320000       97
 60.063657   0.320000   0.360000       97
 50.402683   0.320000   0.400000       97
 55.100176   0.330000   0.290000       97
 68.749510   0.330000   0.330000       97
 58.097518   0.330000   0.370000       97
 57.632212   0.340000   0.300000       97
 61.335097   0.340000   0.340000       97
 56.611775   0.340000   0.380000       97
 60.165489   0.350000   0.310000       97
 57.067532   0.350000   0.350000       97
 56.091789   0.350000   0.390000       97
 60.063657   0.360000   0.320000       97
 55.233899   0.360000   0.360000       97
 56.536984   0.360000   0.400000       97
 58.097518   0.370000   0.330000       97
 54.890003   0.370000   0.370000       97
 56.611775   0.380000   0.340000       97
 55.818159   0.380000   0.380000       97
 50.018651   0.390000   0.310000       97
 56.091789   0.390000   0.350000       97
 58.210237   0.390000   0.390000       97
 50.402683   0.400000   0.320000       97
 56.536984   0.400000   0.360000       97
 62.960760   0.400000   0.400000       97
 52.575735   0.150000   0.180000      101
 54.150369   0.160000   0.190000      101
 53.400971   0.170000   0.160000      101
 52.068998   0.170000   0.200000      101
 54.447200   0.180000   0.170000      101
 50.323786   0.180000   0.210000      101
 51.660409   0.190000   0.180000      101
 50.291298   0.200000   0.230000      101
 51.896335   0.210000   0.240000      101
 54.616275   0.220000   0.250000      101
 51.749066   0.230000   0.220000      101
 57.944732   0.230000   0.260000      101
 54.856175   0.240000   0.230000      101
 58.760138   0.240000   0.270000      101
 50.133844   0.250000   0.200000      101
 58.805661   0.250000   0.240000      101
 56.630146   0.250000   0.280000      101
 51.488112   0.260000   0.210000      101
 59.138925   0.260000   0.250000      101
 54.906159   0.260000   0.290000      101
 52.873832   0.270000   0.220000      101
 56.270891   0.270000   0.260000      101
 54.293533   0.270000   0.300000      101
 50.211304   0.270000   0.340000      101
 53.660221   0.280000   0.230000      101
 54.376978   0.280000   0.270000      101
 54.752117   0.280000   0.310000      101
 50.685243   0.280000   0.350000      101
 53.615733   0.290000   0.240000      101
 53.780566   0.290000   0.280000      101
 56.275590   0.290000   0.320000      101
 51.180738   0.290000   0.360000      101
 53.249199   0.300000   0.250000      101
 54.341989   0.300000   0.290000      101
 58.891848   0.300000   0.330000      101
 51.634939   0.300000   0.370000      101
 53.106377   0.310000   0.260000      101
 56.076711   0.310000   0.300000      101
 61.942604   0.310000   0.340000      101
 52.006415   0.310000   0.380000      101
 53.425431   0.320000   0.270000      101
 59.139009   0.320000   0.310000      101
 62.275892   0.320000   0.350000      101
 52.302151   0.320000   0.390000      101
 54.231817   0.330000   0.280000      101
 62.927870   0.330000   0.320000      101
 60.049957   0.330000   0.360000      101
 52.569937   0.330000   0.400000      101
 55.380777   0.340000   0.290000      101
 62.730451   0.340000   0.330000      101
 58.338065   0.340000   0.370000      101
 56.490596   0.350000   0.300000      101
 59.719052   0.350000   0.340000      101
 57.723839   0.350000   0.380000      101
 57.036732   0.360000   0.310000      101
 57.799484   0.360000   0.350000      101
 58.174707   0.360000   0.390000      101
 56.901619   0.370000   0.320000      101
 57.181464   0.370000   0.360000      101
 59.697616   0.370000   0.400000      101
 56.538358   0.380000   0.330000      101
 57.730491   0.380000   0.370000      101
 56.403377   0.390000   0.340000      101
 59.481130   0.390000   0.380000      101
 56.701736   0.400000   0.350000      101
 62.614413   0.400000   0.390000      101
 53.932320   0.140000   0.160000      105
 56.753429   0.150000   0.170000      105
 53.932320   0.160000   0.140000      105
 51.578911   0.160000   0.180000      105
 56.753429   0.170000   0.150000      105
 51.578911   0.180000   0.160000      105
 51.779016   0.200000   0.220000      105
 56.463226   0.210000   0.230000      105
 50.085626   0.210000   0.270000      105
 51.779016   0.220000   0.200000      105
 62.907891   0.220000   0.240000      105
 50.518010   0.220000   0.280000      105
 56.463226   0.230000   0.210000      105
 58.366138   0.230000   0.250000      105
 50.672597   0.230000   0.290000      105
 62.907891   0.240000   0.220000      105
 54.404844   0.240000   0.260000      105
 50.806025   0.240000   0.300000      105
 58.366138   0.250000   0.230000      105
 52.830828   0.250000   0.270000      105
 51.122043   0.250000   0.310000      105
 54.404844   0.260000   0.240000      105
 52.869114   0.260000   0.280000      105
 51.681771   0.260000   0.320000      105
 50.085626   0.270000   0.210000      105
 52.830828   0.270000   0.250000      105
 54.376744   0.270000   0.290000      105
 52.406292   0.270000   0.330000      105
 50.518010   0.280000   0.220000      105
 52.869114   0.280000   0.260000      105
 57.723136   0.280000   0.300000      105
 53.105218   0.280000   0.340000      105
 50.672597   0.290000   0.230000      105
 54.376744   0.290000   0.270000      105
 64.019299   0.290000   0.310000      105
 53.577852   0.290000   0.350000      105
 50.806025   0.300000   0.240000      105
 57.723136   0.300000   0.280000      105
 65.200191   0.300000   0.320000      105
 53.782116   0.300000   0.360000      105
 51.122043   0.310000   0.250000      105
 64.019299   0.310000   0.290000      105
 59.417557   0.310000   0.330000      105
 53.872495   0.310000   0.370000      105
 51.681771   0.320000   0.260000      105
 65.200191   0.320000   0.300000      105
 56.659178   0.320000   0.340000      105
 54.048664   0.320000   0.380000      105
 52.406292   0.330000   0.270000      105
 59.417557   0.330000   0.310000      105
 55.819165   0.330000   0.350000      105
 54.422677   0.330000   0.390000      105
 53.105218   0.340000   0.280000      105
 56.659178   0.340000   0.320000      105
 56.462207   0.340000   0.360000      105
 54.983680   0.340000   0.400000      105
 53.577852   0.350000   0.290000      105
 55.819165   0.350000   0.330000      105
 58.683929   0.350000   0.370000      105
 53.782116   0.360000   0.300000      105
 56.462207   0.360000   0.340000      105
 63.234770   0.360000   0.380000      105
 53.872495   0.370000   0.310000      105
 58.683929   0.370000   0.350000      105
 70.180596   0.370000   0.390000      105
 54.048664   0.380000   0.320000      105
 63.234770   0.380000   0.360000      105
 64.860238   0.380000   0.400000      105
 54.422677   0.390000   0.330000      105
 70.180596   0.390000   0.370000      105
 54.983680   0.400000   0.340000      105
 64.860238   0.400000   0.380000      105
 54.517749   0.150000   0.160000      109
 53.874460   0.160000   0.170000      109
 53.231205   0.170000   0.140000      109
 51.041353   0.170000   0.180000      109
 53.646520   0.180000   0.150000      109
 51.474306   0.190000   0.160000      109
 50.540605   0.190000   0.240000      109
 50.209984   0.200000   0.170000      109
 51.262329   0.200000   0.210000      109
 51.806941   0.200000   0.250000      109
 50.221183   0.210000   0.180000      109
 54.134115   0.210000   0.220000      109
 52.702041   0.210000   0.260000      109
 51.436682   0.220000   0.190000      109
 58.314504   0.220000   0.230000      109
 52.923881   0.220000   0.270000      109
 53.864110   0.230000   0.200000      109
 59.620590   0.230000   0.240000      109
 52.788521   0.230000   0.280000      109
 57.180287   0.240000   0.210000      109
 56.653618   0.240000   0.250000      109
 52.789244   0.240000   0.290000      109
 58.691329   0.250000   0.220000      109
 54.628043   0.250000   0.260000      109
 53.183689   0.250000   0.300000      109
 56.850869   0.260000   0.230000      109
 54.088163   0.260000   0.270000      109
 53.989911   0.260000   0.310000      109
 55.127231   0.270000   0.240000      109
 54.881766   0.270000   0.280000      109
 55.015163   0.270000   0.320000      109
 54.581058   0.280000   0.250000      109
 57.057958   0.280000   0.290000      109
 55.862857   0.280000   0.330000      109
 55.220366   0.290000   0.260000      109
 60.742329   0.290000   0.300000      109
 56.184068   0.290000   0.340000      109
 57.040898   0.300000   0.270000      109
 63.751307   0.300000   0.310000      109
 56.086483   0.300000   0.350000      109
 59.929199   0.310000   0.280000      109
 61.368089   0.310000   0.320000      109
 55.985438   0.310000   0.360000      109
 62.265720   0.320000   0.290000      109
 58.695301   0.320000   0.330000      109
 56.185644   0.320000   0.370000      109
 61.156213   0.330000   0.300000      109
 57.544230   0.330000   0.340000      109
 56.772535   0.330000   0.380000      109
 50.372433   0.340000   0.270000      109
 59.113475   0.340000   0.310000      109
 57.774037   0.340000   0.350000      109
 57.632565   0.340000   0.390000      109
 50.821291   0.350000   0.280000      109
 58.078629   0.350000   0.320000      109
 59.359845   0.350000   0.360000      109
 58.454411   0.350000   0.400000      109
 51.218366   0.360000   0.290000      109
 58.224170   0.360000   0.330000      109
 62.480920   0.360000   0.370000      109
 51.565501   0.370000   0.300000      109
 59.539457   0.370000   0.340000      109
 66.431601   0.370000   0.380000      109
 51.891689   0.380000   0.310000      109
 62.007372   0.380000   0.350000      109
 65.588305   0.380000   0.390000      109
 52.230382   0.390000   0.320000      109
 64.796452   0.390000   0.360000      109
 62.354721   0.390000   0.400000      109
 52.597526   0.400000   0.330000      109
 64.767951   0.400000   0.370000      109
 51.177582   0.130000   0.170000      113
 55.779792   0.140000   0.140000      113
 50.637424   0.140000   0.180000      113
 55.568340   0.150000   0.150000      113
 50.411856   0.160000   0.160000      113
 51.177582   0.170000   0.130000      113
 50.637424   0.180000   0.140000      113
 51.593651   0.180000   0.220000      113
 50.350042   0.190000   0.190000      113
 54.007711   0.190000   0.230000      113
 54.359674   0.200000   0.200000      113
 55.456120   0.200000   0.240000      113
 62.190187   0.210000   0.210000      113
 54.756386   0.210000   0.250000      113
 51.593651   0.220000   0.180000      113
 59.993884   0.220000   0.220000      113
 53.648774   0.220000   0.260000      113
 54.007711   0.230000   0.190000      113
 54.710316   0.230000   0.230000      113
 53.328473   0.230000   0.270000      113
 55.456120   0.240000   0.200000      113
 52.709068   0.240000   0.240000      113
 54.011397   0.240000   0.280000      113
 54.756386   0.250000   0.210000      113
 52.670016   0.250000   0.250000      113
 55.642483   0.250000   0.290000      113
 53.648774   0.260000   0.220000      113
 54.367312   0.260000   0.260000      113
 57.754149   0.260000   0.300000      113
 53.328473   0.270000   0.230000      113
 58.362558   0.270000   0.270000      113
 58.810253   0.270000   0.310000      113
 54.011397   0.280000   0.240000      113
 66.636190   0.280000   0.280000      113
 57.987149   0.280000   0.320000      113
 55.642483   0.290000   0.250000      113
 63.478522   0.290000   0.290000      113
 56.893781   0.290000   0.330000      113
 57.754149   0.300000   0.260000      113
 57.977720   0.300000   0.300000      113
 56.564033   0.300000   0.340000      113
 58.810253   0.310000   0.270000      113
 55.872921   0.310000   0.310000      113
 57.202724   0.310000   0.350000      113
 57.987149   0.320000   0.280000      113
 55.736536   0.320000   0.320000      113
 58.752616   0.320000   0.360000      113
 50.212983   0.320000   0.400000      113
 56.893781   0.330000   0.290000      113
 57.342948   0.330000   0.330000      113
 60.715526   0.330000   0.370000      113
 56.564033   0.340000   0.300000      113
 61.275421   0.340000   0.340000      113
 61.572883   0.340000   0.380000      113
 57.202724   0.350000   0.310000      113
 69.833373   0.350000   0.350000      113
 60.655478   0.350000   0.390000      113
 58.752616   0.360000   0.320000      113
 66.400504   0.360000   0.360000      113
 59.534844   0.360000   0.400000      113
 60.715526   0.370000   0.330000      113
 60.641017   0.370000   0.370000      113
 61.572883   0.380000   0.340000      113
 58.416828   0.380000   0.380000      113
 60.655478   0.390000   0.350000      113
 58.180110   0.390000   0.390000      113
 50.212983   0.400000   0.320000      113
 59.534844   0.400000   0.360000      113
 59.686901   0.400000   0.400000      113
 53.201859   0.130000   0.160000      117
 50.249497   0.140000   0.130000      117
 53.314765   0.140000   0.170000      117
 54.984114   0.150000   0.140000      117
 51.286740   0.150000   0.180000      117
 53.660689   0.160000   0.150000      117
 50.343987   0.160000   0.190000      117
 50.888235   0.170000   0.160000      117
 50.769791   0.170000   0.200000      117
 52.514508   0.180000   0.210000      117
 50.494086   0.190000   0.180000      117
 55.481424   0.190000   0.220000      117
 52.633199   0.200000   0.190000      117
 58.242216   0.200000   0.230000      117
 56.480830   0.210000   0.200000      117
 57.537104   0.210000   0.240000      117
 60.132857   0.220000   0.210000      117
 55.649949   0.220000   0.250000      117
 50.508088   0.230000   0.180000      117
 57.905701   0.230000   0.220000      117
 54.830019   0.230000   0.260000      117
 51.544103   0.240000   0.190000      117
 55.280746   0.240000   0.230000      117
 55.300421   0.240000   0.270000      117
 52.112984   0.250000   0.200000      117
 54.369261   0.250000   0.240000      117
 57.044161   0.250000   0.280000      117
 52.239253   0.260000   0.210000      117
 55.007080   0.260000   0.250000      117
 59.862102   0.260000   0.290000      117
 52.318362   0.270000   0.220000      117
 57.209520   0.270000   0.260000      117
 61.912577   0.270000   0.300000      117
 50.400827   0.270000   0.340000      117
 52.668957   0.280000   0.230000      117
 61.100737   0.280000   0.270000      117
 60.699859   0.280000   0.310000      117
 50.794370   0.280000   0.350000      117
 53.366760   0.290000   0.240000      117
 63.872849   0.290000   0.280000      117
 58.908506   0.290000   0.320000      117
 51.153232   0.290000   0.360000      117
 54.258556   0.300000   0.250000      117
 61.019964   0.300000   0.290000      117
 58.220768   0.300000   0.330000      117
 51.505419   0.300000   0.370000      117
 55.015692   0.310000   0.260000      117
 58.533149   0.310000   0.300000      117
 58.794828   0.310000   0.340000      117
 51.873374   0.310000   0.380000      117
 55.373085   0.320000   0.270000      117
 57.751012   0.320000   0.310000      117
 60.618831   0.320000   0.350000      117
 52.259487   0.320000   0.390000      117
 55.428011   0.330000   0.280000      117
 58.510764   0.330000   0.320000      117
 63.365882   0.330000   0.360000      117
 52.647013   0.330000   0.400000      117
 55.510104   0.340000   0.290000      117
 60.879755   0.340000   0.330000      117
 64.802200   0.340000   0.370000      117
 55.855682   0.350000   0.300000      117
 64.922252   0.350000   0.340000      117
 63.216474   0.350000   0.380000      117
 56.494476   0.360000   0.310000      117
 66.769274   0.360000   0.350000      117
 61.518601   0.360000   0.390000      117
 57.254617   0.370000   0.320000      117
 63.450731   0.370000   0.360000      117
 60.973917   0.370000   0.400000      117
 57.836581   0.380000   0.330000      117
 61.117799   0.380000   0.370000      117
 58.059610   0.390000   0.340000      117
 60.496750   0.390000   0.380000      117
 58.067233   0.400000   0.350000      117
 61.429172   0.400000   0.390000      117
 53.628950   0.120000   0.140000      121
 56.414075   0.130000   0.150000      121
 53.628950   0.140000   0.120000      121
 51.461303   0.140000   0.160000      121
 56.414075   0.150000   0.130000      121
 51.461303   0.160000   0.140000      121
 51.557173   0.170000   0.190000      121
 56.034616   0.180000   0.200000      121
 51.557173   0.190000   0.170000      121
 62.348224   0.190000   0.210000      121
 56.034616   0.200000   0.180000      121
 58.098045   0.200000   0.220000      121
 62.348224   0.210000   0.190000      121
 54.498117   0.210000   0.230000      121
 58.098045   0.220000   0.200000      121
 53.474457   0.220000   0.240000      121
 50.151282   0.220000   0.280000      121
 54.498117   0.230000   0.210000      121
 54.389148   0.230000   0.250000      121
 50.691136   0.230000   0.290000      121
 53.474457   0.240000   0.220000      121
 57.395102   0.240000   0.260000      121
 51.287545   0.240000   0.300000      121
 54.389148   0.250000   0.230000      121
 63.420940   0.250000   0.270000      121
 51.827246   0.250000   0.310000      121
 57.395102   0.260000   0.240000      121
 64.704619   0.260000   0.280000      121
 52.239047   0.260000   0.320000      121
 63.420940   0.270000   0.250000      121
 59.303885   0.270000   0.290000      121
 52.557244   0.270000   0.330000      121
 50.151282   0.280000   0.220000      121
 64.704619   0.280000   0.260000      121
 56.970153   0.280000   0.300000      121
 52.880945   0.280000   0.340000      121
 50.691136   0.290000   0.230000      121
 59.303885   0.290000   0.270000      121
 56.799764   0.290000   0.310000      121
 53.283150   0.290000   0.350000      121
 51.287545   0.300000   0.240000      121
 56.970153   0.300000   0.280000      121
 58.550881   0.300000   0.320000      121
 53.759338   0.300000   0.360000      121
 51.827246   0.310000   0.250000      121
 56.799764   0.310000   0.290000      121
 62.803388   0.310000   0.330000      121
 54.237516   0.310000   0.370000      121
 52.239047   0.320000   0.260000      121
 58.550881   0.320000   0.300000      121
 69.386815   0.320000   0.340000      121
 54.637933   0.320000   0.380000      121
 52.557244   0.330000   0.270000      121
 62.803388   0.330000   0.310000      121
 64.556760   0.330000   0.350000      121
 54.943562   0.330000   0.390000      121
 52.880945   0.340000   0.280000      121
 69.386815   0.340000   0.320000      121
 60.524001   0.340000   0.360000      121
 55.212933   0.340000   0.400000      121
 53.283150   0.350000   0.290000      121
 64.556760   0.350000   0.330000      121
 59.188613   0.350000   0.370000      121
 53.759338   0.360000   0.300000      121
 60.524001   0.360000   0.340000      121
 59.812036   0.360000   0.380000      121
 54.237516   0.370000   0.310000      121
 59.188613   0.370000   0.350000      121
 62.515739   0.370000   0.390000      121
 54.637933   0.380000   0.320000      121
 59.812036   0.380000   0.360000      121
 68.359830   0.380000   0.400000      121
 54.943562   0.390000   0.330000      121
 62.515739   0.390000   0.370000      121
 55.212933   0.400000   0.340000      121
 68.359830   0.400000   0.380000      121
 55.028269   0.130000   0.140000      125
 53.906081   0.140000   0.150000      125
 52.708758   0.150000   0.120000      125
 51.028507   0.150000   0.160000      125
 53.194600   0.160000   0.130000      125
 50.162919   0.160000   0.170000      125
 51.330048   0.170000   0.140000      125
 51.081185   0.170000   0.180000      125
 50.144167   0.170000   0.220000      125
 50.535761   0.180000   0.150000      125
 53.789839   0.180000   0.190000      125
 51.015126   0.180000   0.230000      125
 51.200543   0.190000   0.160000      125
 58.319088   0.190000   0.200000      125
 51.487573   0.190000   0.240000      125
 53.271802   0.200000   0.170000      125
 59.961576   0.200000   0.210000      125
 51.702767   0.200000   0.250000      125
 56.381726   0.210000   0.180000      125
 56.681510   0.210000   0.220000      125
 51.990964   0.210000   0.260000      125
 58.032668   0.220000   0.190000      125
 54.844440   0.220000   0.230000      125
 52.540334   0.220000   0.270000      125
 56.560947   0.230000   0.200000      125
 54.857022   0.230000   0.240000      125
 53.306490   0.230000   0.280000      125
 55.205005   0.240000   0.210000      125
 56.604613   0.240000   0.250000      125
 54.055874   0.240000   0.290000      125
 55.147854   0.250000   0.220000      125
 60.253852   0.250000   0.260000      125
 54.540747   0.250000   0.300000      125
 56.452531   0.260000   0.230000      125
 64.014591   0.260000   0.270000      125
 54.759400   0.260000   0.310000      125
 58.968112   0.270000   0.240000      125
 61.599844   0.270000   0.280000      125
 54.948148   0.270000   0.320000      125
 61.325485   0.280000   0.250000      125
 58.852410   0.280000   0.290000      125
 55.320373   0.280000   0.330000      125
 60.738308   0.290000   0.260000      125
 58.016068   0.290000   0.300000      125
 55.911265   0.290000   0.340000      125
 59.055046   0.300000   0.270000      125
 58.927839   0.300000   0.310000      125
 56.570908   0.300000   0.350000      125
 58.385273   0.310000   0.280000      125
 61.680225   0.310000   0.320000      125
 57.068344   0.310000   0.360000      125
 59.038781   0.320000   0.290000      125
 66.039143   0.320000   0.330000      125
 57.310301   0.320000   0.370000      125
 60.974981   0.330000   0.300000      125
 66.071841   0.330000   0.340000      125
 57.444646   0.330000   0.380000      125
 50.356765   0.340000   0.270000      125
 63.545623   0.340000   0.310000      125
 62.606998   0.340000   0.350000      125
 57.688717   0.340000   0.390000      125
 50.720490   0.350000   0.280000      125
 64.133896   0.350000   0.320000      125
 60.904665   0.350000   0.360000      125
 58.138968   0.350000   0.400000      125
 51.092830   0.360000   0.290000      125
 62.463357   0.360000   0.330000      125
 61.030862   0.360000   0.370000      125
 51.489526   0.370000   0.300000      125
 61.260149   0.370000   0.340000      125
 62.942981   0.370000   0.380000      125
 51.898008   0.380000   0.310000      125
 61.315213   0.380000   0.350000      125
 66.845358   0.380000   0.390000      125
 52.289841   0.390000   0.320000      125
 62.678467   0.390000   0.360000      125
 69.747531   0.390000   0.400000      125
 52.645105   0.400000   0.330000      125
 65.086594   0.400000   0.370000      125
 53.419340   0.120000   0.120000      129
 57.111290   0.130000   0.130000      129
 51.114778   0.140000   0.140000      129
 50.109690   0.150000   0.190000      129
 51.866851   0.160000   0.200000      129
 52.182346   0.170000   0.170000      129
 53.612210   0.170000   0.210000      129
 58.397711   0.180000   0.180000      129
 54.024061   0.180000   0.220000      129
 50.109690   0.190000   0.150000      129
 62.811834   0.190000   0.190000      129
 53.492813   0.190000   0.230000      129
 51.866851   0.200000   0.160000      129
 55.957353   0.200000   0.200000      129
 53.320506   0.200000   0.240000      129
 53.612210   0.210000   0.170000      129
 53.374369   0.210000   0.210000      129
 54.001429   0.210000   0.250000      129
 54.024061   0.220000   0.180000      129
 53.383606   0.220000   0.220000      129
 55.434318   0.220000   0.260000      129
 53.492813   0.230000   0.190000      129
 55.679327   0.230000   0.230000      129
 56.898515   0.230000   0.270000      129
 53.320506   0.240000   0.200000      129
 61.364820   0.240000   0.240000      129
 57.269119   0.240000   0.280000      129
 54.001429   0.250000   0.210000      129
 67.742316   0.250000   0.250000      129
 56.756115   0.250000   0.290000      129
 55.434318   0.260000   0.220000      129
 59.886538   0.260000   0.260000      129
 56.492819   0.260000   0.300000      129
 56.898515   0.270000   0.230000      129
 56.731437   0.270000   0.270000      129
 57.002994   0.270000   0.310000      129
 57.269119   0.280000   0.240000      129
 56.333017   0.280000   0.280000      129
 58.239021   0.280000   0.320000      129
 56.756115   0.290000   0.250000      129
 58.203954   0.290000   0.290000      129
 59.577941   0.290000   0.330000      129
 56.492819   0.300000   0.260000      129
 63.258911   0.300000   0.300000      129
 59.967484   0.300000   0.340000      129
 57.002994   0.310000   0.270000      129
 71.873627   0.310000   0.310000      129
 59.455718   0.310000   0.350000      129
 58.239021   0.320000   0.280000      129
 63.367584   0.320000   0.320000      129
 59.095412   0.320000   0.360000      129
 50.298359   0.320000   0.400000      129
 59.577941   0.330000   0.290000      129
 59.546304   0.330000   0.330000      129
 59.457611   0.330000   0.370000      129
 59.967484   0.340000   0.300000      129
 58.725143   0.340000   0.340000      129
 60.549275   0.340000   0.380000      129
 59.455718   0.350000   0.310000      129
 60.171403   0.350000   0.350000      129
 61.832506   0.350000   0.390000      129
 59.095412   0.360000   0.320000      129
 64.566074   0.360000   0.360000      129
 62.284606   0.360000   0.400000      129
 59.457611   0.370000   0.330000      129
 74.395539   0.370000   0.370000      129
 60.549275   0.380000   0.340000      129
 66.648956   0.380000   0.380000      129
 61.832506   0.390000   0.350000      129
 62.039769   0.390000   0.390000      129
 50.298359   0.400000   0.320000      129
 62.284606   0.400000   0.360000      129
 60.772458   0.400000   0.400000      129
