0
823
1645
2468
3291
4113
4935
5757
6579
7401
8222
9043
9863
10684
11503
12323
13141
13960
14778
15595
16411
17227
18042
18857
19671
20484
21296
22107
22918
23727
24536
25344
26150
26956
27760
28564
29366
30167
30967
31766
32564
33360
34155
34948
35741
36531
37321
38109
38895
39680
40463
41245
42025
42803
43580
44355
45128
45899
46669
47437
48203
48967
49729
50489
51247
52003
52757
53509
54259
55006
55752
56495
57236
57975
58712
59446
60178
60907
61634
62359
63081
63801
64518
65233
65945
66654
67361
68065
68767
69466
70162
70855
71545
72233
72918
73600
74279
74955
75628
76298
76965
77629
78290
78948
79603
80255
80903
81548
82190
82829
83465
84097
84726
85352
85974
86593
87208
87820
88429
89034
89635
90233
90828
91418
92006
92589
93169
93745
94318
94887
95452
96013
96571
97124
97674
98220
98762
99301
99835
100365
100892
101414
101933
102447
102957
103464
103966
104464
104958
105448
105933
106415
106892
107365
107834
108299
108759
109215
109667
110114
110557
110996
111430
111860
112285
112706
113123
113535
113943
114346
114744
115138
115528
115913
116293
116669
117040
117407
117769
118126
118479
118827
119170
119509
119843
120172
120496
120816
121130
121441
121746
122046
122342
122633
122919
123200
123476
123747
124014
124276
124532
124784
125031
125273
125510
125742
125969
126191
126408
126620
126827
127029
127226
127418
127605
127787
127964
128136
128303
128465
128622
128773
128920
129061
129198
129329
129455
129576
129692
129803
129908
130009
130104
130195
130280
130360
130435
130504
130569
130628
130683
130732
130776
130814
130848
130876
130900
130918
130931
130938
130941
130938
130931
130918
130900
130876
130848
130814
130776
130732
130683
130628
130569
130504
130435
130360
130280
130195
130104
130009
129908
129803
129692
129576
129455
129329
129198
129061
128920
128773
128622
128465
128303
128136
127964
127787
127605
127418
127226
127029
126827
126620
126408
126191
125969
125742
125510
125273
125031
124784
124532
124276
124014
123747
123476
123200
122919
122633
122342
122046
121746
121441
121130
120816
120496
120172
119843
119509
119170
118827
118479
118126
117769
117407
117040
116669
116293
115913
115528
115138
114744
114346
113943
113535
113123
112706
112285
111860
111430
110996
110557
110114
109667
109215
108759
108299
107834
107365
106892
106415
105933
105448
104958
104464
103966
103464
102957
102447
101933
101414
100892
100365
99835
99301
98762
98220
97674
97124
96571
96013
95452
94887
94318
93745
93169
92589
92006
91418
90828
90233
89635
89034
88429
87820
87208
86593
85974
85352
84726
84097
83465
82829
82190
81548
80903
80255
79603
78948
78290
77629
76965
76298
75628
74955
74279
73600
72918
72233
71545
70855
70162
69466
68767
68065
67361
66654
65945
65233
64518
63801
63081
62359
61634
60907
60178
59446
58712
57975
57236
56495
55752
55006
54259
53509
52757
52003
51247
50489
49729
48967
48203
47437
46669
45899
45128
44355
43580
42803
42025
41245
40463
39680
38895
38109
37321
36531
35741
34948
34155
33360
32564
31766
30967
30167
29366
28564
27760
26956
26150
25344
24536
23727
22918
22107
21296
20484
19671
18857
18042
17227
16411
15595
14778
13960
13141
12323
11503
10684
9863
9043
8222
7401
6579
5757
4935
4113
3291
2468
1645
823
0
-823
-1645
-2468
-3291
-4113
-4935
-5757
-6579
-7401
-8222
-9043
-9863
-10684
-11503
-12323
-13141
-13960
-14778
-15595
-16411
-17227
-18042
-18857
-19671
-20484
-21296
-22107
-22918
-23727
-24536
-25344
-26150
-26956
-27760
-28564
-29366
-30167
-30967
-31766
-32564
-33360
-34155
-34948
-35741
-36531
-37321
-38109
-38895
-39680
-40463
-41245
-42025
-42803
-43580
-44355
-45128
-45899
-46669
-47437
-48203
-48967
-49729
-50489
-51247
-52003
-52757
-53509
-54259
-55006
-55752
-56495
-57236
-57975
-58712
-59446
-60178
-60907
-61634
-62359
-63081
-63801
-64518
-65233
-65945
-66654
-67361
-68065
-68767
-69466
-70162
-70855
-71545
-72233
-72918
-73600
-74279
-74955
-75628
-76298
-76965
-77629
-78290
-78948
-79603
-80255
-80903
-81548
-82190
-82829
-83465
-84097
-84726
-85352
-85974
-86593
-87208
-87820
-88429
-89034
-89635
-90233
-90828
-91418
-92006
-92589
-93169
-93745
-94318
-94887
-95452
-96013
-96571
-97124
-97674
-98220
-98762
-99301
-99835
-100365
-100892
-101414
-101933
-102447
-102957
-103464
-103966
-104464
-104958
-105448
-105933
-106415
-106892
-107365
-107834
-108299
-108759
-109215
-109667
-110114
-110557
-110996
-111430
-111860
-112285
-112706
-113123
-113535
-113943
-114346
-114744
-115138
-115528
-115913
-116293
-116669
-117040
-117407
-117769
-118126
-118479
-118827
-119170
-119509
-119843
-120172
-120496
-120816
-121130
-121441
-121746
-122046
-122342
-122633
-122919
-123200
-123476
-123747
-124014
-124276
-124532
-124784
-125031
-125273
-125510
-125742
-125969
-126191
-126408
-126620
-126827
-127029
-127226
-127418
-127605
-127787
-127964
-128136
-128303
-128465
-128622
-128773
-128920
-129061
-129198
-129329
-129455
-129576
-129692
-129803
-129908
-130009
-130104
-130195
-130280
-130360
-130435
-130504
-130569
-130628
-130683
-130732
-130776
-130814
-130848
-130876
-130900
-130918
-130931
-130938
-130941
-130938
-130931
-130918
-130900
-130876
-130848
-130814
-130776
-130732
-130683
-130628
-130569
-130504
-130435
-130360
-130280
-130195
-130104
-130009
-129908
-129803
-129692
-129576
-129455
-129329
-129198
-129061
-128920
-128773
-128622
-128465
-128303
-128136
-127964
-127787
-127605
-127418
-127226
-127029
-126827
-126620
-126408
-126191
-125969
-125742
-125510
-125273
-125031
-124784
-124532
-124276
-124014
-123747
-123476
-123200
-122919
-122633
-122342
-122046
-121746
-121441
-121130
-120816
-120496
-120172
-119843
-119509
-119170
-118827
-118479
-118126
-117769
-117407
-117040
-116669
-116293
-115913
-115528
-115138
-114744
-114346
-113943
-113535
-113123
-112706
-112285
-111860
-111430
-110996
-110557
-110114
-109667
-109215
-108759
-108299
-107834
-107365
-106892
-106415
-105933
-105448
-104958
-104464
-103966
-103464
-102957
-102447
-101933
-101414
-100892
-100365
-99835
-99301
-98762
-98220
-97674
-97124
-96571
-96013
-95452
-94887
-94318
-93745
-93169
-92589
-92006
-91418
-90828
-90233
-89635
-89034
-88429
-87820
-87208
-86593
-85974
-85352
-84726
-84097
-83465
-82829
-82190
-81548
-80903
-80255
-79603
-78948
-78290
-77629
-76965
-76298
-75628
-74955
-74279
-73600
-72918
-72233
-71545
-70855
-70162
-69466
-68767
-68065
-67361
-66654
-65945
-65233
-64518
-63801
-63081
-62359
-61634
-60907
-60178
-59446
-58712
-57975
-57236
-56495
-55752
-55006
-54259
-53509
-52757
-52003
-51247
-50489
-49729
-48967
-48203
-47437
-46669
-45899
-45128
-44355
-43580
-42803
-42025
-41245
-40463
-39680
-38895
-38109
-37321
-36531
-35741
-34948
-34155
-33360
-32564
-31766
-30967
-30167
-29366
-28564
-27760
-26956
-26150
-25344
-24536
-23727
-22918
-22107
-21296
-20484
-19671
-18857
-18042
-17227
-16411
-15595
-14778
-13960
-13141
-12323
-11503
-10684
-9863
-9043
-8222
-7401
-6579
-5757
-4935
-4113
-3291
-2468
-1645
-823
0
823
1645
2468
3291
4113
4935
5757
6579
7401
8222
9043
9863
10684
11503
12323
13141
13960
14778
15595
16411
17227
18042
18857
19671
20484
21296
22107
22918
23727
24536
25344
26150
26956
27760
28564
29366
30167
30967
31766
32564
33360
34155
34948
35741
36531
37321
38109
38895
39680
40463
41245
42025
42803
43580
44355
45128
45899
46669
47437
48203
48967
49729
50489
51247
52003
52757
53509
54259
55006
55752
56495
57236
57975
58712
59446
60178
60907
61634
62359
63081
63801
64518
65233
65945
66654
67361
68065
68767
69466
70162
70855
71545
72233
72918
73600
74279
74955
75628
76298
76965
77629
78290
78948
79603
80255
80903
81548
82190
82829
83465
84097
84726
85352
85974
86593
87208
87820
88429
89034
89635
90233
90828
91418
92006
92589
93169
93745
94318
94887
95452
96013
96571
97124
97674
98220
98762
99301
99835
100365
100892
101414
101933
102447
102957
103464
103966
104464
104958
105448
105933
106415
106892
107365
107834
108299
108759
109215
109667
110114
110557
110996
111430
111860
112285
112706
113123
113535
113943
114346
114744
115138
115528
115913
116293
116669
117040
117407
117769
118126
118479
118827
119170
119509
119843
120172
120496
120816
121130
121441
121746
122046
122342
122633
122919
123200
123476
123747
124014
124276
124532
124784
125031
125273
125510
125742
125969
126191
126408
126620
126827
127029
127226
127418
127605
127787
127964
128136
128303
128465
128622
128773
128920
129061
129198
129329
129455
129576
129692
129803
129908
130009
130104
130195
130280
130360
130435
130504
130569
130628
130683
130732
130776
130814
130848
130876
130900
130918
130931
130938
130941
130938
130931
130918
130900
130876
130848
130814
130776
130732
130683
130628
130569
130504
130435
130360
130280
130195
130104
130009
129908
129803
129692
129576
129455
129329
129198
129061
128920
128773
128622
128465
128303
128136
127964
127787
127605
127418
127226
127029
126827
126620
126408
126191
125969
125742
125510
125273
125031
124784
124532
124276
124014
123747
123476
123200
122919
122633
122342
122046
121746
121441
121130
120816
120496
120172
119843
119509
119170
118827
118479
118126
117769
117407
117040
116669
116293
115913
115528
115138
114744
114346
113943
113535
113123
112706
112285
111860
111430
110996
110557
110114
109667
109215
108759
108299
107834
107365
106892
106415
105933
105448
104958
104464
103966
103464
102957
102447
101933
101414
100892
100365
99835
99301
98762
98220
97674
97124
96571
96013
95452
94887
94318
93745
93169
92589
92006
91418
90828
90233
89635
89034
88429
87820
87208
86593
85974
85352
84726
84097
83465
82829
82190
81548
80903
80255
79603
78948
78290
77629
76965
76298
75628
74955
74279
73600
72918
72233
71545
70855
70162
69466
68767
68065
67361
66654
65945
65233
64518
63801
63081
62359
61634
60907
60178
59446
58712
57975
57236
56495
55752
55006
54259
53509
52757
52003
51247
50489
49729
48967
48203
47437
46669
45899
45128
44355
43580
42803
42025
41245
40463
39680
38895
38109
37321
36531
35741
34948
34155
33360
32564
31766
30967
30167
29366
28564
27760
26956
26150
25344
24536
23727
22918
22107
21296
20484
19671
18857
18042
17227
16411
15595
14778
13960
13141
12323
11503
10684
9863
9043
8222
7401
6579
5757
4935
4113
3291
2468
1645
823
0
-823
-1645
-2468
-3291
-4113
-4935
-5757
-6579
-7401
-8222
-9043
-9863
-10684
-11503
-12323
-13141
-13960
-14778
-15595
-16411
-17227
-18042
-18857
-19671
-20484
-21296
-22107
-22918
-23727
-24536
-25344
-26150
-26956
-27760
-28564
-29366
-30167
-30967
-31766
-32564
-33360
-34155
-34948
-35741
-36531
-37321
-38109
-38895
-39680
-40463
-41245
-42025
-42803
-43580
-44355
-45128
-45899
-46669
-47437
-48203
-48967
-49729
-50489
-51247
-52003
-52757
-53509
-54259
-55006
-55752
-56495
-57236
-57975
-58712
-59446
-60178
-60907
-61634
-62359
-63081
-63801
-64518
-65233
-65945
-66654
-67361
-68065
-68767
-69466
-70162
-70855
-71545
-72233
-72918
-73600
-74279
-74955
-75628
-76298
-76965
-77629
-78290
-78948
-79603
-80255
-80903
-81548
-82190
-82829
-83465
-84097
-84726
-85352
-85974
-86593
-87208
-87820
-88429
-89034
-89635
-90233
-90828
-91418
-92006
-92589
-93169
-93745
-94318
-94887
-95452
-96013
-96571
-97124
-97674
-98220
-98762
-99301
-99835
-100365
-100892
-101414
-101933
-102447
-102957
-103464
-103966
-104464
-104958
-105448
-105933
-106415
-106892
-107365
-107834
-108299
-108759
-109215
-109667
-110114
-110557
-110996
-111430
-111860
-112285
-112706
-113123
-113535
-113943
-114346
-114744
-115138
-115528
-115913
-116293
-116669
-117040
-117407
-117769
-118126
-118479
-118827
-119170
-119509
-119843
-120172
-120496
-120816
-121130
-121441
-121746
-122046
-122342
-122633
-122919
-123200
-123476
-123747
-124014
-124276
-124532
-124784
-125031
-125273
-125510
-125742
-125969
-126191
-126408
-126620
-126827
-127029
-127226
-127418
-127605
-127787
-127964
-128136
-128303
-128465
-128622
-128773
-128920
-129061
-129198
-129329
-129455
-129576
-129692
-129803
-129908
-130009
-130104
-130195
-130280
-130360
-130435
-130504
-130569
-130628
-130683
-130732
-130776
-130814
-130848
-130876
-130900
-130918
-130931
-130938
-130941
-130938
-130931
-130918
-130900
-130876
-130848
-130814
-130776
-130732
-130683
-130628
-130569
-130504
-130435
-130360
-130280
-130195
-130104
-130009
-129908
-129803
-129692
-129576
-129455
-129329
-129198
-129061
-128920
-128773
-128622
-128465
-128303
-128136
-127964
-127787
-127605
-127418
-127226
-127029
-126827
-126620
-126408
-126191
-125969
-125742
-125510
-125273
-125031
-124784
-124532
-124276
-124014
-123747
-123476
-123200
-122919
-122633
-122342
-122046
-121746
-121441
-121130
-120816
-120496
-120172
-119843
-119509
-119170
-118827
-118479
-118126
-117769
-117407
-117040
-116669
-116293
-115913
-115528
-115138
-114744
-114346
-113943
-113535
-113123
-112706
-112285
-111860
-111430
-110996
-110557
-110114
-109667
-109215
-108759
-108299
-107834
-107365
-106892
-106415
-105933
-105448
-104958
-104464
-103966
-103464
-102957
-102447
-101933
-101414
-100892
-100365
-99835
-99301
-98762
-98220
-97674
-97124
-96571
-96013
-95452
-94887
-94318
-93745
-93169
-92589
-92006
-91418
-90828
-90233
-89635
-89034
-88429
-87820
-87208
-86593
-85974
-85352
-84726
-84097
-83465
-82829
-82190
-81548
-80903
-80255
-79603
-78948
-78290
-77629
-76965
-76298
-75628
-74955
-74279
-73600
-72918
-72233
-71545
-70855
-70162
-69466
-68767
-68065
-67361
-66654
-65945
-65233
-64518
-63801
-63081
-62359
-61634
-60907
-60178
-59446
-58712
-57975
-57236
-56495
-55752
-55006
-54259
-53509
-52757
-52003
-51247
-50489
-49729
-48967
-48203
-47437
-46669
-45899
-45128
-44355
-43580
-42803
-42025
-41245
-40463
-39680
-38895
-38109
-37321
-36531
-35741
-34948
-34155
-33360
-32564
-31766
-30967
-30167
-29366
-28564
-27760
-26956
-26150
-25344
-24536
-23727
-22918
-22107
-21296
-20484
-19671
-18857
-18042
-17227
-16411
-15595
-14778
-13960
-13141
-12323
-11503
-10684
-9863
-9043
-8222
-7401
-6579
-5757
-4935
-4113
-3291
-2468
-1645
-823
0
