49152
-49152
16384
-16384
49152
-49152
49152
49152
-16384
49152
16384
49152
16384
16384
16384
16384
-16384
-49152
16384
49152
-16384
49152
-49152
-16384
16384
-16384
16384
-49152
49152
16384
49152
16384
49152
16384
-49152
49152
49152
49152
-49152
16384
-16384
16384
49152
49152
-16384
-49152
16384
49152
16384
-49152
-49152
-16384
-49152
-16384
16384
-16384
-49152
-49152
16384
-49152
-49152
-49152
49152
-49152
-16384
-16384
-49152
-49152
49152
16384
49152
-16384
-16384
-49152
-49152
-16384
49152
-16384
-16384
-16384
49152
-49152
-49152
49152
16384
-49152
49152
-49152
16384
16384
16384
16384
16384
-16384
49152
49152
-16384
-16384
16384
49152
16384
49152
-16384
49152
16384
-49152
-16384
49152
-49152
-49152
-16384
-16384
49152
-16384
-16384
16384
16384
-49152
-16384
-16384
-49152
49152
49152
-16384
-49152
49152
16384
-16384
16384
-16384
-49152
49152
-49152
-16384
-49152
-49152
-16384
16384
49152
16384
-49152
16384
49152
16384
49152
-49152
49152
-16384
49152
16384
-49152
-49152
16384
49152
16384
16384
49152
49152
-16384
-49152
-49152
49152
-49152
16384
16384
-16384
-49152
-49152
-16384
-16384
49152
-49152
-16384
16384
-16384
-16384
16384
16384
-49152
49152
-49152
49152
-49152
-16384
-49152
16384
